Accuracy = 0.8371428571428572
Precision = 0.9896265560165975
Recall = 0.6814285714285714
F_Score = 0.8071065989847717
